Date: 2020-12-09 11:17:53.871480 => factorial took 0 ms with input(s): n=7 , and result =5040
Date: 2020-12-09 11:18:56.894159 => fibonacci took 8.000000000000000166533453694 ms with input(s): n=20 , and result =6765 
